%YAML:1.0
calibration_time: "Thu Aug 31 13:11:36 2017"
nframes: 23
image_width: 2080
image_height: 1552
board_width: 9
board_height: 6
square_size: 28.
aspectRatio: 1.
flags: 2
camera_matrix: !!opencv-matrix
   rows: 3
   cols: 3
   dt: d
   data: [ 3.3698005280472566e+03, 0., 1.0846299302129976e+03, 0.,
       3.3698005280472566e+03, 8.9984881439554613e+02, 0., 0., 1. ]
distortion_coefficients: !!opencv-matrix
   rows: 5
   cols: 1
   dt: d
   data: [ -8.2111383757997869e-02, -1.1474628756070717e+00,
       -4.2504106409053781e-04, -1.1251768734361204e-03,
       1.2632843757206205e+01 ]
avg_reprojection_error: 3.5762226885903825e-01
per_view_reprojection_errors: !!opencv-matrix
   rows: 23
   cols: 1
   dt: f
   data: [ 3.33183914e-01, 3.47957045e-01, 3.81237507e-01,
       3.22761476e-01, 3.35309774e-01, 3.17030668e-01, 3.56685817e-01,
       4.22311336e-01, 3.58202189e-01, 3.50794047e-01, 3.32064152e-01,
       3.93945247e-01, 3.50913852e-01, 3.20196480e-01, 3.71181011e-01,
       3.79989684e-01, 3.59729797e-01, 3.35965663e-01, 3.42763066e-01,
       3.59750658e-01, 3.25026482e-01, 4.01281148e-01, 4.01156634e-01 ]
extrinsic_parameters: !!opencv-matrix
   rows: 23
   cols: 6
   dt: d
   data: [ -1.8207136365921431e-01, 1.6993267739245957e-01,
       -3.1214379569210955e+00, 1.0897544377223412e+02,
       4.4957445428622734e+01, 6.5788386196746899e+02,
       -3.4632960982269528e-01, 4.3492254954018827e-01,
       -3.0727442174441717e+00, 8.5912071558341367e+01,
       4.4687161707073393e+01, 6.4511339363969660e+02,
       1.8446346189965054e-01, -1.2493671777862816e+00,
       2.8641194924813624e+00, 1.0847730888711509e+02,
       2.2395490258781365e+01, 7.2435755905628980e+02,
       2.1170503976784061e-01, -2.3068167754442861e-01,
       3.1217261090275690e+00, 1.0504038035106781e+02,
       3.6378744578007556e+01, 6.9552759570509647e+02,
       2.0980099492015666e-01, -2.2476224318907514e-01,
       3.1116774022169431e+00, 1.0843017314559748e+02,
       3.3061562922615536e+01, 6.9522081011707064e+02,
       -2.1833238899939506e-01, 1.7485531817550634e-01,
       -3.0803753433525194e+00, 9.0260936341354139e+01,
       4.7134234296008202e+01, 6.9449650997277990e+02,
       -1.4909851601236560e-01, -8.4387660111502605e-01,
       -2.9405879150221832e+00, 9.4282404446948348e+01,
       3.7767296007500889e+01, 6.3833503325012987e+02,
       -1.3800427466870471e-01, -9.3252914463864045e-01,
       -2.9171656908075123e+00, 9.1192035781366869e+01,
       1.1636817860955084e+01, 6.2776757963677835e+02,
       -1.1475370578360672e-01, -9.6515817839017481e-01,
       -2.9460517383135172e+00, 1.0258909191905767e+02,
       4.2178824258727680e+01, 6.4518191969573593e+02,
       -1.6876281920154310e-01, -7.5549672399227907e-01,
       -2.9995354665402538e+00, 9.6940605772579147e+01,
       3.2657492267292547e+01, 6.6910748777647518e+02,
       -1.5800528214189960e-01, -4.5609702538245556e-01,
       -3.0582900845526937e+00, 9.6506203843007384e+01,
       3.2292090366178925e+01, 7.0315020659354423e+02,
       -2.1854120618735459e-01, -5.5671323214476529e-02,
       -3.1292680158475235e+00, 9.5771505956602823e+01,
       3.9541122494789278e+01, 6.8456556050767983e+02,
       6.9189041874171617e-02, -5.9283565067727340e-01,
       3.0734173929374684e+00, 9.7641283400649399e+01,
       3.5992289433282600e+01, 7.3583005938538236e+02,
       4.4657947587941067e-02, -5.5112573517205921e-01,
       3.0826843558453936e+00, 9.6419732110080233e+01,
       4.0661602073793226e+01, 7.3579224947676471e+02,
       5.4862279253078280e-02, -8.8322854828016817e-01,
       3.0053538402147510e+00, 9.9103161322566891e+01,
       3.2775528910680165e+01, 6.7914202313080852e+02,
       1.3673464652316886e-01, -1.3824602049904673e+00,
       2.7557543449315993e+00, 1.1225725836709411e+02,
       6.3157230043310024e+00, 6.9510853835391333e+02,
       2.6002580338906534e-01, -8.2550431663419899e-01,
       3.0244381143943331e+00, 1.0050435154162557e+02,
       4.2246883031614651e+01, 6.7422795333559657e+02,
       1.2407743354401840e-01, -6.2762671243818136e-01,
       3.0736334585690712e+00, 1.0552431448485083e+02,
       4.0815102818446398e+01, 6.6514564612381582e+02,
       -1.8068473708828983e-01, 1.2452607595612900e-01,
       -3.1254964527370843e+00, 1.0244584709759621e+02,
       4.2912373921678650e+01, 6.5589429465683213e+02,
       -1.5500560270850988e-01, 1.0315431479910307e-01,
       -3.1260275664526924e+00, 1.0441795575780577e+02,
       4.4122574339728402e+01, 6.5623627771787403e+02,
       -5.5138279000028489e-01, 2.2009048143169357e-01,
       -3.0534377052946771e+00, 9.5055927173372197e+01,
       4.4256270268312633e+01, 6.5259851148999746e+02,
       -5.8337422573976994e-01, -3.2939734432056961e-01,
       3.0368162293663112e+00, 9.3861606651937080e+01,
       3.1255357261253625e+01, 7.5847635740385556e+02,
       -1.1504689260248772e-01, 8.7310573182577553e-02,
       -3.1346969927661252e+00, 1.0163700887197031e+02,
       4.7289264751779633e+01, 6.2470465163471636e+02 ]
