%YAML:1.0
images:
   - "15170727-2017-08-31-122658.jpg"
   - "15170727-2017-08-31-122746.jpg"
   - "15170727-2017-08-31-122807.jpg"
   - "15170727-2017-08-31-122816.jpg"
   - "15170727-2017-08-31-122819.jpg"
   - "15170727-2017-08-31-122826.jpg"
   - "15170727-2017-08-31-122833.jpg"
   - "15170727-2017-08-31-122838.jpg"
   - "15170727-2017-08-31-122842.jpg"
   - "15170727-2017-08-31-122846.jpg"
   - "15170727-2017-08-31-122850.jpg"
   - "15170727-2017-08-31-122857.jpg"
   - "15170727-2017-08-31-122903.jpg"
   - "15170727-2017-08-31-122908.jpg"
   - "15170727-2017-08-31-122914.jpg"
   - "15170727-2017-08-31-122921.jpg"
   - "15170727-2017-08-31-122928.jpg"
   - "15170727-2017-08-31-122935.jpg"
   - "15170727-2017-08-31-122949.jpg"
   - "15170727-2017-08-31-122954.jpg"
   - "15170727-2017-08-31-123002.jpg"
   - "15170727-2017-08-31-123010.jpg"
   - "15170727-2017-08-31-123026.jpg"
